246
270
858
1248
1380
1434
1482
1617
1842
1896
1923
1941
1986
2070
2085
2097
2121
2136
2154
2181
2208
2289
2349
2349
2424
2454
2472
2529
2652
2787
2901
2904
2946
2952
2991
3018
3051
3177
3351
3429
3480
3525
3537
3618
3630
3678
3741
3765
3933
3963
4008
4119
4182
4194
4218
4260
4323
4398
4455
4470
4515
4578
4668
4797
4893
4911
4923
5040
5151
5202
5229
5250
5253
5295
5478
5508
5538
5613
5673
5673
5703
5736
5748
5811
5823
5904
5925
5961
5970
6006
6024
6066
6132
6144
6147
6156
6171
6192
6213
6213
6216
6297
6450
6468
6504
6513
6645
6702
6705
6726
6738
6792
6798
6846
6963
6987
7017
7026
7029
7065
7092
7107
7137
7155
7167
7182
7194
7260
7305
7332
7377
7410
7425
7431
7452
7524
7539
7557
7614
7659
7668
7791
8070
8085
8130
8178
8268
8268
8319
8334
8370
8397
8403
8427
8646
8670
8673
8724
8766
8883
8898
8910
8946
9003
9006
9093
9102
9111
9171
9231
9237
9246
9321
9378
9381
9423
9435
9453
9456
9549
9675
9699
9720
9723
9906
9921
9927
9927
9960
9993
10029
10059
10065
10101
10134
10152
10269
10293
10293
10353
10383
10428
10572
10608
10650
10674
10794
10941
10953
11007
11031
11055
11073
11157
11157
11175
11178
11205
11265
11355
11364
11421
11436
11445
11463
11463
11487
11559
11574
11874
11898
11922
11928
11931
11934
11979
12030
12036
12087
12102
12135
12150
12213
12234
12261
12267
12384
12393
12417
12417
12453
12459
12621
12669
12696
12759
12765
12768
12780
12813
12858
12960
13071
13092
13104
13125
13221
13269
13293
13308
13311
13326
13410
13500
13581
13614
13647
13656
13725
13821
13968
14061
14193
14265
14316
14397
14430
14436
14442
14508
14529
14541
14583
14643
14682
14706
14736
14748
14808
14808
14877
14937
14940
15030
15126
15231
15255
15267
15312
15393
15444
15516
15528
15543
15570
15624
15651
15684
15693
15756
15765
15807
15867
15900
15903
15972
16035
16065
16104
16185
16218
16230
16239
16314
16323
16371
16401
16407
16515
16644
16677
16683
16764
16767
16836
16839
16854
16908
16926
16926
16932
17013
17055
17130
17139
17151
17172
17325
17397
17430
17439
17469
17502
17670
17688
17697
17709
17745
17748
17769
17775
17781
17883
17958
17982
18000
18018
18018
18030
18054
18102
18174
18177
18186
18219
18273
18324
18357
18375
18384
18387
18393
18459
18483
18546
18579
18666
18717
18795
18822
18918
18918
18951
19080
19086
19119
19119
19209
19245
19284
19287
19338
19383
19386
19416
19458
19467
19473
19491
19497
19626
19728
19887
19893
19950
19980
19998
20055
20067
20082
20088
20109
20133
20142
20163
20214
20259
20340
20394
20439
20457
20472
20517
20556
20568
20574
20595
20655
20658
20811
20820
20835
20889
20910
20910
20919
21024
21081
21084
21087
21123
21126
21126
21159
21174
21210
21249
21267
21282
21330
21375
21405
21417
21423
21495
21624
21630
21669
21744
21768
21777
21780
21798
21930
21930
21993
22029
22065
22068
22077
22107
22119
22149
22239
22263
22266
22323
22335
22377
22407
22548
22569
22581
22632
22641
22653
22710
22794
22815
22881
22935
23019
23046
23073
23085
23148
23157
23178
23277
23451
23454
23487
23493
23496
23535
23556
23562
23574
23583
23610
23637
23649
23661
23685
23700
23745
23808
23835
23910
23976
23988
24186
24306
24348
24354
24363
24447
24585
24606
24648
24669
24714
24747
24768
24810
24849
24942
24990
25020
25041
25089
25095
25104
25125
25185
25272
25278
25299
25311
25323
25371
25371
25455
25464
25470
25524
25551
25599
25605
25641
25695
25707
25746
25767
25803
25920
26001
26067
26079
26085
26103
26145
26157
26175
26187
26187
26226
26259
26283
26427
26520
26556
26562
26580
26583
26595
26610
26634
26643
26685
26694
26718
26790
26871
26886
26898
26934
26991
27069
27123
27132
27135
27162
27264
27273
27351
27369
27372
27387
27417
27462
27528
27546
27564
27624
27675
27696
27699
27729
27738
27762
27765
27855
27858
27885
27894
27912
27945
27945
28008
28125
28158
28209
28227
28263
28269
28272
28287
28290
28317
28338
28407
28461
28476
28557
28593
28599
28614
28689
28698
28785
28788
28803
28812
28836
28881
28890
28908
28968
28968
29010
29058
29061
29094
29169
29178
29238
29295
29349
29415
29445
29586
29634
29940
29940
29952
29988
29994
30090
30129
30156
30234
30234
30249
30297
30330
30351
30396
30432
30447
30459
30501
30510
30516
30534
30594
30633
30669
30699
30738
30741
30759
30783
30798
30807
30816
30906
31002
31050
31221
31257
31272
31275
31305
31314
31335
31347
31368
31413
31491
31503
31533
31545
31608
31638
31710
31761
31773
31779
31791
31815
31839
31890
31974
32040
32139
32220
32256
32328
32334
32433
32502
32523
32598
32598
32643
32742
32742
32775
32817
32826
32862
32871
32877
32889
32916
32928
32985
32994
33000
33024
33144
33165
33198
33198
33288
33339
33357
33453
33462
33465
33519
33600
33609
33633
33699
33774
33801
33873
33897
33924
33930
34023
34161
34173
34218
34239
34353
34524
34578
34593
34617
34617
34635
34647
34683
34716
34743
34758
34773
34812
34887
34914
35004
35010
35031
35061
35097
35151
35259
35271
35346
35400
35451
35502
35811
35829
35841
35946
35964
36030
36216
36252
36261
36279
36450
36483
36483
36501
36513
36573
36591
36678
36708
36729
36735
36750
36990
36996
37089
37167
37182
37203
37206
37317
37323
37359
37380
37461
37509
37602
37653
37746
37758
37839
37890
37920
37953
37980
38034
38070
38070
38115
38283
38295
38298
38307
38358
38535
38580
38595
38628
38652
38661
38676
38742
38787
38787
38802
38952
39003
39024
39189
39393
39432
39513
39684
39684
39687
39726
39747
39924
39933
39972
39999
40113
40128
40197
40206
40305
40359
40386
40431
40464
40482
40506
40563
40605
40632
40758
40761
40776
40863
40926
40992
40995
41052
41088
41109
41250
41289
41349
41358
41367
41385
41403
41445
41463
41499
41499
41529
41577
41592
41610
41634
41634
41658
41700
41718
41769
41781
41790
41796
41811
41868
41922
41931
41943
41946
42009
42054
42075
42102
42204
42222
42225
42243
42300
42336
42402
42477
42546
42579
42600
42606
42732
42819
42990
42999
43017
43044
43059
43074
43194
43197
43200
43335
43392
43569
43659
43692
43755
43758
43779
43875
43926
43935
43995
43998
44016
44148
44220
44238
44265
44283
44358
44379
44397
44472
44529
44535
44538
44547
44601
44631
44670
44697
44754
44778
44784
44886
44916
44919
45021
45042
45060
45087
45102
45162
45177
45204
45519
45525
45585
45615
45648
45666
45678
45726
45837
45939
45972
46134
46161
46212
46248
46287
46329
46335
46371
46392
46521
46521
46599
46605
46629
46698
46737
46821
46875
46887
46908
46971
47019
47037
47151
47190
47220
47280
47307
47520
47559
47580
47589
47592
47655
47697
47709
47733
47796
47805
47808
47865
47961
47982
48177
48249
48288
48402
48471
48606
48618
48636
48699
48717
48729
48750
48801
48822
48828
48885
48909
48963
49005
49038
49065
49116
49149
49224
49266
49281
49290
49302
49467
49473
49500
49536
49584
49605
49671
49683
49731
49749
49767
49836
49866
49899
49932
49959
50001
50001
50157
50187
50196
50250
50280
50331
50403
50475
50499
50508
50529
50685
50736
50763
50772
50790
50817
51039
51063
51066
51147
51168
51174
51183
51186
51288
51393
51438
51444
51459
51561
51585
51636
51651
51720
51723
51792
51858
51873
51885
51906
51981
52017
52176
52176
52194
52233
52245
52302
52362
52371
52470
52575
52578
52602
52605
52623
52695
52743
52803
52902
53121
53292
53301
53304
53358
53391
53424
53427
53454
53505
53559
53598
53598
53604
53607
53610
53850
53877
53907
53991
54063
54318
54375
54387
54435
54597
54636
54708
54732
54753
54801
54888
54918
54939
54951
55029
55185
55209
55233
55287
55470
55497
55527
55548
55614
55638
55650
55710
55728
55749
55821
55968
56169
56184
56274
56361
56445
56493
56538
56742
56868
56913
57057
57081
57153
57168
57312
57327
57378
57408
57498
57594
57594
57660
57672
57789
57858
57903
58014
58116
58512
58692
58704
58779
58842
59031
59061
59157
59238
59262
59421
59448
59451
59460
59520
59538
59544
59625
59781
59868
59931
59940
59955
60021
60177
60207
60243
60261
60291
60435
60465
60498
60591
60606
60702
60756
60780
60801
60954
61284
61347
61455
61467
61491
61530
61695
61722
61902
61914
61920
61986
62067
62175
62229
62241
62292
62301
62340
62406
62439
62448
62466
62508
62520
62598
62622
62625
62640
62760
62841
62856
62874
62916
62934
63018
63018
63081
63168
63270
63300
63354
63477
63561
63654
63759
63819
63846
63882
63993
64068
64086
64128
64134
64143
64209
64257
64263
64290
64356
64425
64725
64809
64812
64821
64869
65028
65037
65097
65112
65124
65151
65160
65160
65160
65190
65271
65298
65388
65559
65625
65712
65718
65961
65976
66249
66252
66297
66306
66339
66357
66402
66420
66450
66555
66684
66696
66744
66816
66921
66927
66933
66990
67038
67050
67059
67089
67092
67122
67143
67194
67314
67605
67695
67710
67734
67773
67794
67827
67845
67863
67869
67971
68034
68049
68127
68163
68406
68739
68745
68805
68856
68856
68955
68985
69126
69204
69249
69258
69261
69474
69531
69900
69948
69999
70050
70068
70089
70104
70110
70110
70152
70203
70263
70317
70482
70494
70527
70584
70590
70641
70740
70752
70965
71046
71061
71157
71196
71238
71310
71364
71388
71388
71415
71526
71868
71892
72087
72126
72207
72291
72294
72396
72492
72543
72597
72699
72762
72828
72831
72858
72978
73347
73425
73452
73488
73515
73536
73557
73656
73662
73749
73887
73908
73929
73986
74007
74070
74088
74199
74226
74244
74271
74331
74406
74511
74631
74685
74688
74739
74817
74958
75033
75285
75585
75639
75639
75723
75750
75828
76044
76242
76251
76302
76344
76446
76560
76587
76605
76620
76761
76821
77073
77076
77220
77238
77244
77292
77499
77523
77571
77661
77679
77730
77847
77910
77967
77976
78024
78045
78078
78225
78228
78291
78360
78420
78453
78456
78504
78513
78525
78609
78699
78918
79152
79215
79272
79338
79410
79497
79710
79812
79968
79992
80370
80505
80517
80670
80844
80955
81114
81261
81264
81345
81402
81432
81459
81639
81669
81681
81693
81759
81843
81972
82332
82338
82371
82407
82413
82509
82728
82908
83022
83085
83109
83160
83193
83307
83355
83394
83445
83466
83526
83937
83982
84003
84138
84195
84333
84360
84366
84477
84615
84636
84645
84711
84774
84786
84792
84828
84876
84894
85251
85296
85356
85560
85566
85575
85635
85650
85701
85806
85830
86007
86073
86115
86127
86136
86229
86232
86238
86340
86343
86448
86454
86508
86658
86691
86799
86808
86883
87090
87348
87540
87633
87705
87834
88140
88179
88215
88293
88347
88350
88455
88542
88794
88800
89028
89154
89250
89319
89616
89871
89898
89904
90126
90291
90297
90312
90699
90915
91392
91851
92028
92304
92328
92328
92778
92802
92856
93411
93681
93765
93825
93939
94092
94344
94497
94782
94800
94944
95112
95421
95427
95544
95583
95649
95838
95859
95895
96072
96174
96183
96186
96606
96624
96639
96711
96891
96951
96990
97002
97059
97260
97284
97512
97539
97764
97836
97854
98082
98181
98181
98205
98247
98361
98424
98457
98568
98664
98697
98769
98811
98871
99165
99186
99198
99270
99321
99354
99420
99444
99453
99459
99492
99495
99594
99672
99675
99876
99927
100083
100143
100161
100230
100428
100434
100443
100509
100560
101070
101112
101154
101544
101745
101760
101766
101952
102435
102555
102600
102645
102726
102819
103017
103086
103161
103269
103371
103497
103518
104052
104070
104121
104400
104481
104586
104607
104616
104628
104685
104913
104934
105036
105063
105267
105288
105483
105570
105753
105810
105879
106158
106413
106440
106641
106713
106791
106839
106875
106911
106962
106986
107130
107175
107586
107691
107994
108027
108093
108174
108471
108606
108723
108819
108864
108897
108933
108936
108972
109593
109728
109884
109941
109953
110073
110106
110229
110328
110463
110526
110526
110574
110703
110709
110709
110730
110910
110967
111117
111171
111207
111207
111363
111372
111375
111384
111432
111573
111594
111660
111732
112476
112524
112608
112725
112926
112980
113286
113295
113346
113448
113463
113670
113889
114039
114198
114273
114318
114372
114957
115005
115218
115239
115293
115311
115320
115353
115560
115902
115992
116058
116358
116481
116676
116850
116898
117111
117315
117402
117420
117489
117573
117714
117795
117927
118092
118110
118311
118353
118392
118683
118698
118884
119106
119208
119517
119964
119988
120207
120261
120291
120354
120369
120636
120738
120813
120975
121200
121212
121944
121983
122148
122403
122442
122514
122631
122745
123057
123156
123360
123621
123720
123777
123828
123840
124284
124356
124425
124461
124539
124653
124848
124917
125247
125445
125544
125607
125667
125847
125892
125943
125979
126120
126219
126222
126270
126465
126519
126603
126669
126717
126810
127068
127098
127128
127173
127248
127428
127443
128094
128235
128250
128382
128394
128649
128754
129123
129165
129342
129615
130068
130305
130311
130350
130386
130425
130593
130767
130929
131226
131352
131418
131460
131571
131787
131838
132006
132453
132477
132615
132996
133308
133326
133329
133539
133557
134019
134160
134328
134484
134538
134700
134733
134841
134988
135144
135174
135174
135234
135468
135600
135744
136239
136266
136494
136734
136821
137160
137511
137574
137610
137739
137772
137847
137907
138018
138102
138117
138306
138399
138402
138489
138549
138675
138750
139167
139440
139686
139917
140046
140064
140067
140202
140205
140472
140760
140856
140961
140991
141153
141504
141519
142053
142203
142260
142416
142608
142671
143013
143133
143205
143238
143277
143295
143394
143454
143940
145128
145302
145380
145668
145758
146319
146454
146637
146742
146838
146913
147348
147663
147855
148008
148053
148269
148386
148626
148875
148998
149049
149238
149286
149379
149625
149844
149925
150141
150189
150657
150753
151152
151431
151458
151539
152535
152706
152928
153237
153375
153411
153546
153624
154002
154221
154362
154383
154797
155025
155940
156480
156591
156651
156684
156750
156798
156822
156879
156900
157002
157230
157293
157698
157737
157785
158340
158388
158466
158757
158841
158877
159417
159681
159990
160491
160494
160791
161487
161619
161661
162453
162495
162543
162774
163254
163284
163713
163905
163950
164073
164526
164628
164952
165129
165558
165807
165822
166026
166095
166200
166458
166593
166818
166974
167094
167187
167502
167667
168159
168477
169167
169254
169656
169920
170010
170235
170499
170499
171909
171966
172107
172272
173499
173598
173997
174294
174342
174654
175374
175494
175515
175821
176343
176547
176997
177108
177381
177519
178485
178602
178878
179067
179337
179748
180237
180264
180474
180654
180948
181455
181740
181755
181857
182097
182763
182832
182904
183243
183885
184926
185025
185091
185262
185319
185334
185844
185928
186777
186792
187245
187350
187500
187632
187866
189129
189189
189288
189648
190026
190185
190293
190359
190389
190515
190518
191391
191715
191826
192039
192219
192426
193533
193557
193572
193995
194181
194271
194412
195072
195609
195747
196077
196179
196392
196695
196893
196935
197121
197640
198249
198405
198849
199071
199140
199407
199503
199611
200583
201027
201069
201132
201231
201273
201309
201885
202593
203283
203430
203583
205068
206028
206043
206268
206493
206682
206751
206823
207297
208020
208101
208326
208983
209127
209901
210006
210057
210183
210651
210933
211200
211944
212970
213327
213345
214116
214212
214476
214554
215610
216465
216963
217359
218391
219255
219270
219720
219942
220326
221019
221250
221865
222513
222819
222957
223092
223734
224247
224346
224802
225261
225387
226146
226164
226209
226350
226365
226704
226929
227022
227667
227970
228681
228774
228942
229707
229956
230382
231228
231237
231351
231690
232050
232074
232266
232305
232641
233226
234192
234489
234795
234915
235011
235518
235596
236577
237909
238497
238878
240078
240783
240951
241218
242868
243702
243924
243981
244326
244875
244926
245511
246384
246873
248139
248256
248346
248517
248664
248730
248748
249087
250152
250779
250887
251058
251304
253035
253755
255645
256737
258222
258387
259185
260313
260379
260715
260868
260958
263523
264741
264957
265497
266211
266277
266295
266490
266640
266985
267354
267360
267603
267966
268539
268626
269667
271008
272736
272784
273126
273324
275214
277128
277503
277695
277746
278127
279057
279474
280167
280260
280929
280959
281316
283176
283584
283695
284211
285609
286605
287088
287520
288072
288567
288951
288954
288957
289329
289968
291096
291795
292743
294234
294882
296199
296208
296292
296358
296889
296910
296970
297579
298434
299130
299589
299676
299874
300471
302844
303324
304221
304476
304491
304641
304692
304899
306516
306684
307230
307518
307797
310050
310515
312507
312702
313290
315453
315480
316629
318993
319701
320220
321354
321645
322293
322347
322368
323001
323106
323277
323313
323523
323544
323793
325416
326076
327699
327897
330672
330696
331581
332304
332478
334224
334401
335580
335832
337968
339711
340347
341376
341772
341979
343560
343914
344034
344208
346521
346623
348333
348687
349914
350016
350142
350703
350781
350937
352212
353013
355284
355716
356433
357672
358470
362175
362631
363219
363291
365190
366327
366453
367191
367869
368937
369030
369429
372159
372294
373425
374100
376464
377232
380937
381267
381951
384078
385047
386883
389784
390132
392646
393270
393657
394038
394500
394518
394599
394683
394839
394908
395661
397209
400704
401403
402189
402504
403263
403869
404715
406182
408438
409452
409665
409818
410616
410655
411390
412308
413922
414084
414345
414999
415284
415482
418962
419004
419700
419898
420741
423708
424851
425256
426972
431037
432510
432744
436344
438468
438954
439335
439653
440169
442290
442638
443916
444867
447795
448830
448854
449334
451926
452595
452802
453393
454116
456063
458073
458946
461160
461769
461970
463074
464181
464502
466641
469635
470439
470469
470694
471321
472515
473199
474240
476520
477189
478287
478311
479160
479934
480297
480744
480993
481935
483756
484257
484719
486699
486930
487926
488634
489120
493029
495672
497028
498474
499278
499476
500982
501402
504444
506556
506634
508404
508716
509526
511617
516564
516993
516996
518334
518340
522642
523584
525531
526533
530085
531669
533316
533529
533802
534033
539052
539109
542157
542466
542901
543174
546795
547479
549546
551586
555237
559482
561315
561378
566769
569655
569781
570117
572595
578304
579189
583968
584553
585255
586224
587253
591393
591435
592089
592395
592677
600507
600558
600678
601647
601800
602547
603243
603420
603876
608001
609195
609618
611766
612642
618258
622881
623460
627699
629142
630936
633099
633678
638079
643038
643311
647664
649407
656199
658821
660000
664017
664734
665817
666627
678219
688089
690123
693708
700155
701220
704634
704718
706218
714408
714954
716469
728409
729693
734478
735855
742008
744021
750912
750993
753399
756792
756819
757227
758475
764907
767265
767379
778272
787146
787173
787812
791403
795384
800793
802761
804300
806055
807846
807873
808911
810168
822165
823647
823707
825522
826461
833367
836493
841698
842685
845022
852921
856221
856395
861255
864864
873927
875478
883701
885669
885798
887409
891156
892464
892857
893205
898890
904068
912612
919437
920805
926280
930705
935061
936933
939498
946005
948708
957882
958293
962754
964560
968499
970332
992532
993894
1004433
1009389
1020669
1031487
1034373
1045296
1048491
1050627
1052010
1055145
1065987
1081455
1095507
1099539
1104390
1118439
1126758
1127310
1127976
1138344
1148244
1153512
1169673
1177095
1195656
1202163
1206006
1218660
1234326
1238976
1240032
1245171
1264221
1268037
1268154
1271685
1276089
1277370
1291920
1296678
1297656
1304916
1313982
1320513
1324809
1325445
1326537
1346202
1353675
1367238
1390470
1394091
1401078
1406190
1413663
1451634
1464219
1465218
1476828
1483779
1484757
1488015
1495095
1496658
1503678
1525920
1540971
1543359
1545807
1549692
1551330
1558335
1589130
1603629
1605459
1609497
1612968
1615437
1625343
1630128
1632537
1644855
1676937
1716009
1729701
1756125
1800474
1805169
1806285
1807866
1810209
1856262
1862883
1866789
1875747
1880001
1880043
1891140
1902798
1975398
1987692
1987842
2012550
2022474
2032680
2055918
2064234
2075679
2110386
2140005
2155353
2155899
2166069
2206002
2223288
2229477
2233032
2324307
2347023
2351907
2385675
2395656
2399622
2401941
2407122
2415087
2415705
2415963
2429574
2469954
2518893
2522934
2587431
2590260
2592789
2682042
2702979
2710179
2715348
2749626
2750487
2750772
2757120
2758884
2761743
2782932
2791350
2843205
2847339
2859621
2915331
2940789
2996862
3072798
3088965
3147075
3245178
3437868
3457275
3490242
3607086
3670044
3687678
3840366
3960402
4018596
4155324
4256364
4480050
4509255
4530813
4578018
4757619
5144319
5244198
5344926
5427102
5461752
5793747
5853807
6105630
6568923
6692166
7104417
7489305
7514100
9030696
9285939
11451351
12277377
15584025
29455815
