164
180
572
832
920
956
988
1078
1228
1264
1282
1294
1324
1380
1390
1398
1414
1424
1436
1454
1472
1526
1566
1566
1616
1636
1648
1686
1768
1858
1934
1936
1964
1968
1994
2012
2034
2118
2234
2286
2320
2350
2358
2412
2420
2452
2494
2510
2622
2642
2672
2746
2788
2796
2812
2840
2882
2932
2970
2980
3010
3052
3112
3198
3262
3274
3282
3360
3434
3468
3486
3500
3502
3530
3652
3672
3692
3742
3782
3782
3802
3824
3832
3874
3882
3936
3950
3974
3980
4004
4016
4044
4088
4096
4098
4104
4114
4128
4142
4142
4144
4198
4300
4312
4336
4342
4430
4468
4470
4484
4492
4528
4532
4564
4642
4658
4678
4684
4686
4710
4728
4738
4758
4770
4778
4788
4796
4840
4870
4888
4918
4940
4950
4954
4968
5016
5026
5038
5076
5106
5112
5194
5380
5390
5420
5452
5512
5512
5546
5556
5580
5598
5602
5618
5764
5780
5782
5816
5844
5922
5932
5940
5964
6002
6004
6062
6068
6074
6114
6154
6158
6164
6214
6252
6254
6282
6290
6302
6304
6366
6450
6466
6480
6482
6604
6614
6618
6618
6640
6662
6686
6706
6710
6734
6756
6768
6846
6862
6862
6902
6922
6952
7048
7072
7100
7116
7196
7294
7302
7338
7354
7370
7382
7438
7438
7450
7452
7470
7510
7570
7576
7614
7624
7630
7642
7642
7658
7706
7716
7916
7932
7948
7952
7954
7956
7986
8020
8024
8058
8068
8090
8100
8142
8156
8174
8178
8256
8262
8278
8278
8302
8306
8414
8446
8464
8506
8510
8512
8520
8542
8572
8640
8714
8728
8736
8750
8814
8846
8862
8872
8874
8884
8940
9000
9054
9076
9098
9104
9150
9214
9312
9374
9462
9510
9544
9598
9620
9624
9628
9672
9686
9694
9722
9762
9788
9804
9824
9832
9872
9872
9918
9958
9960
10020
10084
10154
10170
10178
10208
10262
10296
10344
10352
10362
10380
10416
10434
10456
10462
10504
10510
10538
10578
10600
10602
10648
10690
10710
10736
10790
10812
10820
10826
10876
10882
10914
10934
10938
11010
11096
11118
11122
11176
11178
11224
11226
11236
11272
11284
11284
11288
11342
11370
11420
11426
11434
11448
11550
11598
11620
11626
11646
11668
11780
11792
11798
11806
11830
11832
11846
11850
11854
11922
11972
11988
12000
12012
12012
12020
12036
12068
12116
12118
12124
12146
12182
12216
12238
12250
12256
12258
12262
12306
12322
12364
12386
12444
12478
12530
12548
12612
12612
12634
12720
12724
12746
12746
12806
12830
12856
12858
12892
12922
12924
12944
12972
12978
12982
12994
12998
13084
13152
13258
13262
13300
13320
13332
13370
13378
13388
13392
13406
13422
13428
13442
13476
13506
13560
13596
13626
13638
13648
13678
13704
13712
13716
13730
13770
13772
13874
13880
13890
13926
13940
13940
13946
14016
14054
14056
14058
14082
14084
14084
14106
14116
14140
14166
14178
14188
14220
14250
14270
14278
14282
14330
14416
14420
14446
14496
14512
14518
14520
14532
14620
14620
14662
14686
14710
14712
14718
14738
14746
14766
14826
14842
14844
14882
14890
14918
14938
15032
15046
15054
15088
15094
15102
15140
15196
15210
15254
15290
15346
15364
15382
15390
15432
15438
15452
15518
15634
15636
15658
15662
15664
15690
15704
15708
15716
15722
15740
15758
15766
15774
15790
15800
15830
15872
15890
15940
15984
15992
16124
16204
16232
16236
16242
16298
16390
16404
16432
16446
16476
16498
16512
16540
16566
16628
16660
16680
16694
16726
16730
16736
16750
16790
16848
16852
16866
16874
16882
16914
16914
16970
16976
16980
17016
17034
17066
17070
17094
17130
17138
17164
17178
17202
17280
17334
17378
17386
17390
17402
17430
17438
17450
17458
17458
17484
17506
17522
17618
17680
17704
17708
17720
17722
17730
17740
17756
17762
17790
17796
17812
17860
17914
17924
17932
17956
17994
18046
18082
18088
18090
18108
18176
18182
18234
18246
18248
18258
18278
18308
18352
18364
18376
18416
18450
18464
18466
18486
18492
18508
18510
18570
18572
18590
18596
18608
18630
18630
18672
18750
18772
18806
18818
18842
18846
18848
18858
18860
18878
18892
18938
18974
18984
19038
19062
19066
19076
19126
19132
19190
19192
19202
19208
19224
19254
19260
19272
19312
19312
19340
19372
19374
19396
19446
19452
19492
19530
19566
19610
19630
19724
19756
19960
19960
19968
19992
19996
20060
20086
20104
20156
20156
20166
20198
20220
20234
20264
20288
20298
20306
20334
20340
20344
20356
20396
20422
20446
20466
20492
20494
20506
20522
20532
20538
20544
20604
20668
20700
20814
20838
20848
20850
20870
20876
20890
20898
20912
20942
20994
21002
21022
21030
21072
21092
21140
21174
21182
21186
21194
21210
21226
21260
21316
21360
21426
21480
21504
21552
21556
21622
21668
21682
21732
21732
21762
21828
21828
21850
21878
21884
21908
21914
21918
21926
21944
21952
21990
21996
22000
22016
22096
22110
22132
22132
22192
22226
22238
22302
22308
22310
22346
22400
22406
22422
22466
22516
22534
22582
22598
22616
22620
22682
22774
22782
22812
22826
22902
23016
23052
23062
23078
23078
23090
23098
23122
23144
23162
23172
23182
23208
23258
23276
23336
23340
23354
23374
23398
23434
23506
23514
23564
23600
23634
23668
23874
23886
23894
23964
23976
24020
24144
24168
24174
24186
24300
24322
24322
24334
24342
24382
24394
24452
24472
24486
24490
24500
24660
24664
24726
24778
24788
24802
24804
24878
24882
24906
24920
24974
25006
25068
25102
25164
25172
25226
25260
25280
25302
25320
25356
25380
25380
25410
25522
25530
25532
25538
25572
25690
25720
25730
25752
25768
25774
25784
25828
25858
25858
25868
25968
26002
26016
26126
26262
26288
26342
26456
26456
26458
26484
26498
26616
26622
26648
26666
26742
26752
26798
26804
26870
26906
26924
26954
26976
26988
27004
27042
27070
27088
27172
27174
27184
27242
27284
27328
27330
27368
27392
27406
27500
27526
27566
27572
27578
27590
27602
27630
27642
27666
27666
27686
27718
27728
27740
27756
27756
27772
27800
27812
27846
27854
27860
27864
27874
27912
27948
27954
27962
27964
28006
28036
28050
28068
28136
28148
28150
28162
28200
28224
28268
28318
28364
28386
28400
28404
28488
28546
28660
28666
28678
28696
28706
28716
28796
28798
28800
28890
28928
29046
29106
29128
29170
29172
29186
29250
29284
29290
29330
29332
29344
29432
29480
29492
29510
29522
29572
29586
29598
29648
29686
29690
29692
29698
29734
29754
29780
29798
29836
29852
29856
29924
29944
29946
30014
30028
30040
30058
30068
30108
30118
30136
30346
30350
30390
30410
30432
30444
30452
30484
30558
30626
30648
30756
30774
30808
30832
30858
30886
30890
30914
30928
31014
31014
31066
31070
31086
31132
31158
31214
31250
31258
31272
31314
31346
31358
31434
31460
31480
31520
31538
31680
31706
31720
31726
31728
31770
31798
31806
31822
31864
31870
31872
31910
31974
31988
32118
32166
32192
32268
32314
32404
32412
32424
32466
32478
32486
32500
32534
32548
32552
32590
32606
32642
32670
32692
32710
32744
32766
32816
32844
32854
32860
32868
32978
32982
33000
33024
33056
33070
33114
33122
33154
33166
33178
33224
33244
33266
33288
33306
33334
33334
33438
33458
33464
33500
33520
33554
33602
33650
33666
33672
33686
33790
33824
33842
33848
33860
33878
34026
34042
34044
34098
34112
34116
34122
34124
34192
34262
34292
34296
34306
34374
34390
34424
34434
34480
34482
34528
34572
34582
34590
34604
34654
34678
34784
34784
34796
34822
34830
34868
34908
34914
34980
35050
35052
35068
35070
35082
35130
35162
35202
35268
35414
35528
35534
35536
35572
35594
35616
35618
35636
35670
35706
35732
35732
35736
35738
35740
35900
35918
35938
35994
36042
36212
36250
36258
36290
36398
36424
36472
36488
36502
36534
36592
36612
36626
36634
36686
36790
36806
36822
36858
36980
36998
37018
37032
37076
37092
37100
37140
37152
37166
37214
37312
37446
37456
37516
37574
37630
37662
37692
37828
37912
37942
38038
38054
38102
38112
38208
38218
38252
38272
38332
38396
38396
38440
38448
38526
38572
38602
38676
38744
39008
39128
39136
39186
39228
39354
39374
39438
39492
39508
39614
39632
39634
39640
39680
39692
39696
39750
39854
39912
39954
39960
39970
40014
40118
40138
40162
40174
40194
40290
40310
40332
40394
40404
40468
40504
40520
40534
40636
40856
40898
40970
40978
40994
41020
41130
41148
41268
41276
41280
41324
41378
41450
41486
41494
41528
41534
41560
41604
41626
41632
41644
41672
41680
41732
41748
41750
41760
41840
41894
41904
41916
41944
41956
42012
42012
42054
42112
42180
42200
42236
42318
42374
42436
42506
42546
42564
42588
42662
42712
42724
42752
42756
42762
42806
42838
42842
42860
42904
42950
43150
43206
43208
43214
43246
43352
43358
43398
43408
43416
43434
43440
43440
43440
43460
43514
43532
43592
43706
43750
43808
43812
43974
43984
44166
44168
44198
44204
44226
44238
44268
44280
44300
44370
44456
44464
44496
44544
44614
44618
44622
44660
44692
44700
44706
44726
44728
44748
44762
44796
44876
45070
45130
45140
45156
45182
45196
45218
45230
45242
45246
45314
45356
45366
45418
45442
45604
45826
45830
45870
45904
45904
45970
45990
46084
46136
46166
46172
46174
46316
46354
46600
46632
46666
46700
46712
46726
46736
46740
46740
46768
46802
46842
46878
46988
46996
47018
47056
47060
47094
47160
47168
47310
47364
47374
47438
47464
47492
47540
47576
47592
47592
47610
47684
47912
47928
48058
48084
48138
48194
48196
48264
48328
48362
48398
48466
48508
48552
48554
48572
48652
48898
48950
48968
48992
49010
49024
49038
49104
49108
49166
49258
49272
49286
49324
49338
49380
49392
49466
49484
49496
49514
49554
49604
49674
49754
49790
49792
49826
49878
49972
50022
50190
50390
50426
50426
50482
50500
50552
50696
50828
50834
50868
50896
50964
51040
51058
51070
51080
51174
51214
51382
51384
51480
51492
51496
51528
51666
51682
51714
51774
51786
51820
51898
51940
51978
51984
52016
52030
52052
52150
52152
52194
52240
52280
52302
52304
52336
52342
52350
52406
52466
52612
52768
52810
52848
52892
52940
52998
53140
53208
53312
53328
53580
53670
53678
53780
53896
53970
54076
54174
54176
54230
54268
54288
54306
54426
54446
54454
54462
54506
54562
54648
54888
54892
54914
54938
54942
55006
55152
55272
55348
55390
55406
55440
55462
55538
55570
55596
55630
55644
55684
55958
55988
56002
56092
56130
56222
56240
56244
56318
56410
56424
56430
56474
56516
56524
56528
56552
56584
56596
56834
56864
56904
57040
57044
57050
57090
57100
57134
57204
57220
57338
57382
57410
57418
57424
57486
57488
57492
57560
57562
57632
57636
57672
57772
57794
57866
57872
57922
58060
58232
58360
58422
58470
58556
58760
58786
58810
58862
58898
58900
58970
59028
59196
59200
59352
59436
59500
59546
59744
59914
59932
59936
60084
60194
60198
60208
60466
60610
60928
61234
61352
61536
61552
61552
61852
61868
61904
62274
62454
62510
62550
62626
62728
62896
62998
63188
63200
63296
63408
63614
63618
63696
63722
63766
63892
63906
63930
64048
64116
64122
64124
64404
64416
64426
64474
64594
64634
64660
64668
64706
64840
64856
65008
65026
65176
65224
65236
65388
65454
65454
65470
65498
65574
65616
65638
65712
65776
65798
65846
65874
65914
66110
66124
66132
66180
66214
66236
66280
66296
66302
66306
66328
66330
66396
66448
66450
66584
66618
66722
66762
66774
66820
66952
66956
66962
67006
67040
67380
67408
67436
67696
67830
67840
67844
67968
68290
68370
68400
68430
68484
68546
68678
68724
68774
68846
68914
68998
69012
69368
69380
69414
69600
69654
69724
69738
69744
69752
69790
69942
69956
70024
70042
70178
70192
70322
70380
70502
70540
70586
70772
70942
70960
71094
71142
71194
71226
71250
71274
71308
71324
71420
71450
71724
71794
71996
72018
72062
72116
72314
72404
72482
72546
72576
72598
72622
72624
72648
73062
73152
73256
73294
73302
73382
73404
73486
73552
73642
73684
73684
73716
73802
73806
73806
73820
73940
73978
74078
74114
74138
74138
74242
74248
74250
74256
74288
74382
74396
74440
74488
74984
75016
75072
75150
75284
75320
75524
75530
75564
75632
75642
75780
75926
76026
76132
76182
76212
76248
76638
76670
76812
76826
76862
76874
76880
76902
77040
77268
77328
77372
77572
77654
77784
77900
77932
78074
78210
78268
78280
78326
78382
78476
78530
78618
78728
78740
78874
78902
78928
79122
79132
79256
79404
79472
79678
79976
79992
80138
80174
80194
80236
80246
80424
80492
80542
80650
80800
80808
81296
81322
81432
81602
81628
81676
81754
81830
82038
82104
82240
82414
82480
82518
82552
82560
82856
82904
82950
82974
83026
83102
83232
83278
83498
83630
83696
83738
83778
83898
83928
83962
83986
84080
84146
84148
84180
84310
84346
84402
84446
84478
84540
84712
84732
84752
84782
84832
84952
84962
85396
85490
85500
85588
85596
85766
85836
86082
86110
86228
86410
86712
86870
86874
86900
86924
86950
87062
87178
87286
87484
87568
87612
87640
87714
87858
87892
88004
88302
88318
88410
88664
88872
88884
88886
89026
89038
89346
89440
89552
89656
89692
89800
89822
89894
89992
90096
90116
90116
90156
90312
90400
90496
90826
90844
90996
91156
91214
91440
91674
91716
91740
91826
91848
91898
91938
92012
92068
92078
92204
92266
92268
92326
92366
92450
92500
92778
92960
93124
93278
93364
93376
93378
93468
93470
93648
93840
93904
93974
93994
94102
94336
94346
94702
94802
94840
94944
95072
95114
95342
95422
95470
95492
95518
95530
95596
95636
95960
96752
96868
96920
97112
97172
97546
97636
97758
97828
97892
97942
98232
98442
98570
98672
98702
98846
98924
99084
99250
99332
99366
99492
99524
99586
99750
99896
99950
100094
100126
100438
100502
100768
100954
100972
101026
101690
101804
101952
102158
102250
102274
102364
102416
102668
102814
102908
102922
103198
103350
103960
104320
104394
104434
104456
104500
104532
104548
104586
104600
104668
104820
104862
105132
105158
105190
105560
105592
105644
105838
105894
105918
106278
106454
106660
106994
106996
107194
107658
107746
107774
108302
108330
108362
108516
108836
108856
109142
109270
109300
109382
109684
109752
109968
110086
110372
110538
110548
110684
110730
110800
110972
111062
111212
111316
111396
111458
111668
111778
112106
112318
112778
112836
113104
113280
113340
113490
113666
113666
114606
114644
114738
114848
115666
115732
115998
116196
116228
116436
116916
116996
117010
117214
117562
117698
117998
118072
118254
118346
118990
119068
119252
119378
119558
119832
120158
120176
120316
120436
120632
120970
121160
121170
121238
121398
121842
121888
121936
122162
122590
123284
123350
123394
123508
123546
123556
123896
123952
124518
124528
124830
124900
125000
125088
125244
126086
126126
126192
126432
126684
126790
126862
126906
126926
127010
127012
127594
127810
127884
128026
128146
128284
129022
129038
129048
129330
129454
129514
129608
130048
130406
130498
130718
130786
130928
131130
131262
131290
131414
131760
132166
132270
132566
132714
132760
132938
133002
133074
133722
134018
134046
134088
134154
134182
134206
134590
135062
135522
135620
135722
136712
137352
137362
137512
137662
137788
137834
137882
138198
138680
138734
138884
139322
139418
139934
140004
140038
140122
140434
140622
140800
141296
141980
142218
142230
142744
142808
142984
143036
143740
144310
144642
144906
145594
146170
146180
146480
146628
146884
147346
147500
147910
148342
148546
148638
148728
149156
149498
149564
149868
150174
150258
150764
150776
150806
150900
150910
151136
151286
151348
151778
151980
152454
152516
152628
153138
153304
153588
154152
154158
154234
154460
154700
154716
154844
154870
155094
155484
156128
156326
156530
156610
156674
157012
157064
157718
158606
158998
159252
160052
160522
160634
160812
161912
162468
162616
162654
162884
163250
163284
163674
164256
164582
165426
165504
165564
165678
165776
165820
165832
166058
166768
167186
167258
167372
167536
168690
169170
170430
171158
172148
172258
172790
173542
173586
173810
173912
173972
175682
176494
176638
176998
177474
177518
177530
177660
177760
177990
178236
178240
178402
178644
179026
179084
179778
180672
181824
181856
182084
182216
183476
184752
185002
185130
185164
185418
186038
186316
186778
186840
187286
187306
187544
188784
189056
189130
189474
190406
191070
191392
191680
192048
192378
192634
192636
192638
192886
193312
194064
194530
195162
196156
196588
197466
197472
197528
197572
197926
197940
197980
198386
198956
199420
199726
199784
199916
200314
201896
202216
202814
202984
202994
203094
203128
203266
204344
204456
204820
205012
205198
206700
207010
208338
208468
208860
210302
210320
211086
212662
213134
213480
214236
214430
214862
214898
214912
215334
215404
215518
215542
215682
215696
215862
216944
217384
218466
218598
220448
220464
221054
221536
221652
222816
222934
223720
223888
225312
226474
226898
227584
227848
227986
229040
229276
229356
229472
231014
231082
232222
232458
233276
233344
233428
233802
233854
233958
234808
235342
236856
237144
237622
238448
238980
241450
241754
242146
242194
243460
244218
244302
244794
245246
245958
246020
246286
248106
248196
248950
249400
250976
251488
253958
254178
254634
256052
256698
257922
259856
260088
261764
262180
262438
262692
263000
263012
263066
263122
263226
263272
263774
264806
267136
267602
268126
268336
268842
269246
269810
270788
272292
272968
273110
273212
273744
273770
274260
274872
275948
276056
276230
276666
276856
276988
279308
279336
279800
279932
280494
282472
283234
283504
284648
287358
288340
288496
290896
292312
292636
292890
293102
293446
294860
295092
295944
296578
298530
299220
299236
299556
301284
301730
301868
302262
302744
304042
305382
305964
307440
307846
307980
308716
309454
309668
311094
313090
313626
313646
313796
314214
315010
315466
316160
317680
318126
318858
318874
319440
319956
320198
320496
320662
321290
322504
322838
323146
324466
324620
325284
325756
326080
328686
330448
331352
332316
332852
332984
333988
334268
336296
337704
337756
338936
339144
339684
341078
344376
344662
344664
345556
345560
348428
349056
350354
351022
353390
354446
355544
355686
355868
356022
359368
359406
361438
361644
361934
362116
364530
364986
366364
367724
370158
372988
374210
374252
377846
379770
379854
380078
381730
385536
386126
389312
389702
390170
390816
391502
394262
394290
394726
394930
395118
400338
400372
400452
401098
401200
401698
402162
402280
402584
405334
406130
406412
407844
408428
412172
415254
415640
418466
419428
420624
422066
422452
425386
428692
428874
431776
432938
437466
439214
440000
442678
443156
443878
444418
452146
458726
460082
462472
466770
467480
469756
469812
470812
476272
476636
477646
485606
486462
489652
490570
494672
496014
500608
500662
502266
504528
504546
504818
505650
509938
511510
511586
518848
524764
524782
525208
527602
530256
533862
535174
536200
537370
538564
538582
539274
540112
548110
549098
549138
550348
550974
555578
557662
561132
561790
563348
568614
570814
570930
574170
576576
582618
583652
589134
590446
590532
591606
594104
594976
595238
595470
599260
602712
608408
612958
613870
617520
620470
623374
624622
626332
630670
632472
638588
638862
641836
643040
645666
646888
661688
662596
669622
672926
680446
687658
689582
696864
698994
700418
701340
703430
710658
720970
730338
733026
736260
745626
751172
751540
751984
758896
765496
769008
779782
784730
797104
801442
804004
812440
822884
825984
826688
830114
842814
845358
845436
847790
850726
851580
861280
864452
865104
869944
875988
880342
883206
883630
884358
897468
902450
911492
926980
929394
934052
937460
942442
967756
976146
976812
984552
989186
989838
992010
996730
997772
1002452
1017280
1027314
1028906
1030538
1033128
1034220
1038890
1059420
1069086
1070306
1072998
1075312
1076958
1083562
1086752
1088358
1096570
1117958
1144006
1153134
1170750
1200316
1203446
1204190
1205244
1206806
1237508
1241922
1244526
1250498
1253334
1253362
1260760
1268532
1316932
1325128
1325228
1341700
1348316
1355120
1370612
1376156
1383786
1406924
1426670
1436902
1437266
1444046
1470668
1482192
1486318
1488688
1549538
1564682
1567938
1590450
1597104
1599748
1601294
1604748
1610058
1610470
1610642
1619716
1646636
1679262
1681956
1724954
1726840
1728526
1788028
1801986
1806786
1810232
1833084
1833658
1833848
1838080
1839256
1841162
1855288
1860900
1895470
1898226
1906414
1943554
1960526
1997908
2048532
2059310
2098050
2163452
2291912
2304850
2326828
2404724
2446696
2458452
2560244
2640268
2679064
2770216
2837576
2986700
3006170
3020542
3052012
3171746
3429546
3496132
3563284
3618068
3641168
3862498
3902538
4070420
4379282
4461444
4736278
4992870
5009400
6020464
6190626
7634234
8184918
10389350
19637210
